1.000000000000000000e+00,5.399280200866096724e-01,7.815096526340313821e-01,7.815096526340313821e-01,4.996546142126332968e-01,6.143616238170157562e-01,4.935708075433048458e-01,5.690459218069197078e-01,6.143616238170157562e-01,6.143616238170157562e-01,6.143616238170157562e-01,7.815096526340313821e-01,7.815096526340313821e-01,7.815096526340313821e-01,5.922097677038631325e-01,7.815096526340313821e-01,7.512952412315865303e-02,7.815096526340313821e-01,7.815096526340313821e-01,6.908782486138395074e-01,7.815096526340313821e-01,7.815096526340313821e-01,7.815096526340313821e-01,2.014063931702920474e-01,6.107573371601644485e-01,2.014063931702920474e-01,7.815096526340313821e-01,4.773127544077261919e-01,9.287830569971294024e-06,6.908782486138395074e-01,8.454391243069196982e-01,7.815096526340313821e-01,8.907548263170157465e-01,8.454391243069196982e-01,6.107573371601644485e-01,6.908782486138395074e-01,8.907548263170157465e-01,6.107573371601644485e-01,7.815096526340313821e-01,7.815096526340313821e-01,7.512952412315865303e-02,7.815096526340313821e-01,7.815096526340313821e-01,7.815096526340313821e-01,7.815096526340313821e-01,7.815096526340313821e-01,7.815096526340313821e-01,7.815096526340313821e-01,7.815096526340313821e-01,7.815096526340313821e-01,2.915222668746463297e-01,6.641677920478035457e-02,8.454391243069196982e-01,6.908782486138395074e-01,7.815096526340313821e-01,6.908782486138395074e-01,7.815096526340313821e-01,2.577145304494497524e-01,6.107573371601644485e-01,1.242411171014422621e-07,7.815096526340313821e-01,7.815096526340313821e-01,7.815096526340313821e-01,7.512952412315865303e-02,6.107573371601644485e-01,7.815096526340313821e-01,6.908782486138395074e-01,7.815096526340313821e-01,7.815096526340313821e-01,6.107573371601644485e-01,4.219589594252666220e-01,7.815096526340313821e-01,7.815096526340313821e-01,7.815096526340313821e-01,3.297649998062575083e-01,4.056453520986626204e-02,7.815096526340313821e-01,5.922097677038631325e-01,7.815096526340313821e-01,4.773127544077261919e-01,6.908782486138395074e-01,6.107573371601644485e-01,1.230104323797206745e-01,7.815096526340313821e-01,7.815096526340313821e-01,1.000000000000000000e+00,6.107573371601644485e-01,5.399280200866096724e-01,7.815096526340313821e-01,6.908782486138395074e-01,1.574010403647879974e-01,7.815096526340313821e-01,7.815096526340313821e-01,5.399280200866096724e-01,2.915222668746463297e-01,6.107573371601644485e-01,3.730245248949747294e-01,3.297649998062575083e-01,4.773127544077261919e-01,6.107573371601644485e-01,6.908782486138395074e-01,5.242465248995731731e-08,7.815096526340313821e-01,6.107573371601644485e-01,6.908782486138395074e-01,7.815096526340313821e-01,7.815096526340313821e-01,6.908782486138395074e-01,6.908782486138395074e-01,6.107573371601644485e-01,7.815096526340313821e-01,6.908782486138395074e-01,2.915222668746463297e-01,7.815096526340313821e-01,6.107573371601644485e-01,8.907548263170157465e-01,1.055866017120829265e-08,7.815096526340313821e-01,7.815096526340313821e-01,7.815096526340313821e-01,7.815096526340313821e-01,1.720197919804468685e-05,1.574010403647879974e-01,7.815096526340313821e-01,2.694165778578227165e-03,5.190535404539908804e-02,7.109794797126333110e-01,6.107573371601644485e-01,2.915222668746463297e-01,7.815096526340313821e-01,6.908782486138395074e-01,6.908782486138395074e-01,7.815096526340313821e-01,7.815096526340313821e-01,7.815096526340313821e-01,4.219589594252666220e-01,5.399280200866096724e-01,3.730245248949747294e-01,1.391472961731216873e-01,7.815096526340313821e-01,4.219589594252666220e-01,6.908782486138395074e-01
5.399280200866096724e-01,1.000000000000000000e+00,6.235174005433048450e-01,6.235174005433048450e-01,2.915222668746463297e-01,4.280778930433048468e-01,3.446261454474873753e-01,3.967702602038630788e-01,4.280778930433048468e-01,4.280778930433048468e-01,4.280778930433048468e-01,5.399280200866096724e-01,5.399280200866096724e-01,5.399280200866096724e-01,4.219589594252666220e-01,5.399280200866096724e-01,6.641677920478035457e-02,5.399280200866096724e-01,5.399280200866096724e-01,4.773127544077261919e-01,5.399280200866096724e-01,5.399280200866096724e-01,5.399280200866096724e-01,1.391472961731216873e-01,4.609794797126333110e-01,1.391472961731216873e-01,5.399280200866096724e-01,3.297649998062575083e-01,8.210724072283126778e-06,4.773127544077261919e-01,4.773127544077261919e-01,6.235174005433048450e-01,5.399280200866096724e-01,4.773127544077261919e-01,5.645328702126333198e-01,5.922097677038631325e-01,5.399280200866096724e-01,5.645328702126333198e-01,5.399280200866096724e-01,5.399280200866096724e-01,5.190535404539908804e-02,5.399280200866096724e-01,5.399280200866096724e-01,5.399280200866096724e-01,5.399280200866096724e-01,5.399280200866096724e-01,5.399280200866096724e-01,5.399280200866096724e-01,5.399280200866096724e-01,5.399280200866096724e-01,2.014063931702920474e-01,4.588590809557072797e-02,4.773127544077261919e-01,4.773127544077261919e-01,5.399280200866096724e-01,5.922097677038631325e-01,5.399280200866096724e-01,1.780493634392538160e-01,4.219589594252666220e-01,1.098329177375710829e-07,6.235174005433048450e-01,5.399280200866096724e-01,5.399280200866096724e-01,5.190535404539908804e-02,4.219589594252666220e-01,4.219589594252666220e-01,4.773127544077261919e-01,5.399280200866096724e-01,5.399280200866096724e-01,4.219589594252666220e-01,2.915222668746463297e-01,5.399280200866096724e-01,5.399280200866096724e-01,5.399280200866096724e-01,2.278274655202903454e-01,2.802515504162681956e-02,5.399280200866096724e-01,3.297649998062575083e-01,6.235174005433048450e-01,3.297649998062575083e-01,4.773127544077261919e-01,4.219589594252666220e-01,1.087449550972210827e-01,5.399280200866096724e-01,5.399280200866096724e-01,5.399280200866096724e-01,4.219589594252666220e-01,3.730245248949747294e-01,5.399280200866096724e-01,5.922097677038631325e-01,1.087449550972210827e-01,5.399280200866096724e-01,5.399280200866096724e-01,5.922097677038631325e-01,2.014063931702920474e-01,5.645328702126333198e-01,2.577145304494497524e-01,2.278274655202903454e-01,3.297649998062575083e-01,5.645328702126333198e-01,4.773127544077261919e-01,3.535534136724918230e-01,5.399280200866096724e-01,5.645328702126333198e-01,5.922097677038631325e-01,6.235174005433048450e-01,6.235174005433048450e-01,5.922097677038631325e-01,4.773127544077261919e-01,4.219589594252666220e-01,5.399280200866096724e-01,4.773127544077261919e-01,2.014063931702920474e-01,5.399280200866096724e-01,4.151036247126332901e-01,5.399280200866096724e-01,7.294748646793104565e-09,5.399280200866096724e-01,5.399280200866096724e-01,5.399280200866096724e-01,5.399280200866096724e-01,1.188447326103681860e-05,2.124863605486105589e-01,5.399280200866096724e-01,1.861340534579462901e-03,3.764963445477853554e-01,2.915222668746463297e-01,4.609794797126333110e-01,2.014063931702920474e-01,5.399280200866096724e-01,4.773127544077261919e-01,4.773127544077261919e-01,5.399280200866096724e-01,5.399280200866096724e-01,4.467407055433048058e-01,2.915222668746463297e-01,3.201428834474873697e-01,2.577145304494497524e-01,9.613384027943748522e-02,5.399280200866096724e-01,2.915222668746463297e-01,4.773127544077261919e-01
7.815096526340313821e-01,6.235174005433048450e-01,1.000000000000000000e+00,8.907548263170157465e-01,4.219589594252666220e-01,6.143616238170157562e-01,4.935708075433048458e-01,5.690459218069197078e-01,6.143616238170157562e-01,6.143616238170157562e-01,6.143616238170157562e-01,7.815096526340313821e-01,7.815096526340313821e-01,7.815096526340313821e-01,4.773127544077261919e-01,7.815096526340313821e-01,7.512952412315865303e-02,7.815096526340313821e-01,7.815096526340313821e-01,6.908782486138395074e-01,7.815096526340313821e-01,7.815096526340313821e-01,7.815096526340313821e-01,2.577145304494497524e-01,6.107573371601644485e-01,2.577145304494497524e-01,7.815096526340313821e-01,4.773127544077261919e-01,9.287830569971294024e-06,6.908782486138395074e-01,6.908782486138395074e-01,8.907548263170157465e-01,7.815096526340313821e-01,6.908782486138395074e-01,8.053786685800822243e-01,8.454391243069196982e-01,7.815096526340313821e-01,8.053786685800822243e-01,7.815096526340313821e-01,7.815096526340313821e-01,7.512952412315865303e-02,7.815096526340313821e-01,7.815096526340313821e-01,7.815096526340313821e-01,7.815096526340313821e-01,7.815096526340313821e-01,7.815096526340313821e-01,7.815096526340313821e-01,7.815096526340313821e-01,7.815096526340313821e-01,2.915222668746463297e-01,6.641677920478035457e-02,6.908782486138395074e-01,6.908782486138395074e-01,7.815096526340313821e-01,8.454391243069196982e-01,7.815096526340313821e-01,2.577145304494497524e-01,6.107573371601644485e-01,1.589757934309516730e-07,8.907548263170157465e-01,7.815096526340313821e-01,7.815096526340313821e-01,7.512952412315865303e-02,6.107573371601644485e-01,6.107573371601644485e-01,6.908782486138395074e-01,7.815096526340313821e-01,7.815096526340313821e-01,6.107573371601644485e-01,4.219589594252666220e-01,7.815096526340313821e-01,7.815096526340313821e-01,7.815096526340313821e-01,3.297649998062575083e-01,4.056453520986626204e-02,7.815096526340313821e-01,4.773127544077261919e-01,8.907548263170157465e-01,4.773127544077261919e-01,6.908782486138395074e-01,6.107573371601644485e-01,1.230104323797206745e-01,7.815096526340313821e-01,7.815096526340313821e-01,7.815096526340313821e-01,6.107573371601644485e-01,5.399280200866096724e-01,7.815096526340313821e-01,6.908782486138395074e-01,1.574010403647879974e-01,7.815096526340313821e-01,1.000000000000000000e+00,7.699640100433048362e-01,2.915222668746463297e-01,8.053786685800822243e-01,3.730245248949747294e-01,3.297649998062575083e-01,4.773127544077261919e-01,6.107573371601644485e-01,6.908782486138395074e-01,5.000000335406301621e-01,7.815096526340313821e-01,8.053786685800822243e-01,8.454391243069196982e-01,8.907548263170157465e-01,8.907548263170157465e-01,8.454391243069196982e-01,6.908782486138395074e-01,6.107573371601644485e-01,7.815096526340313821e-01,6.908782486138395074e-01,2.915222668746463297e-01,7.815096526340313821e-01,5.940538030800821545e-01,7.815096526340313821e-01,1.055866017120829265e-08,7.815096526340313821e-01,7.815096526340313821e-01,7.815096526340313821e-01,7.815096526340313821e-01,1.720197919804468685e-05,3.023073176823939945e-01,7.815096526340313821e-01,2.694165778578227165e-03,5.259526770226995440e-01,4.219589594252666220e-01,6.107573371601644485e-01,2.915222668746463297e-01,7.815096526340313821e-01,6.908782486138395074e-01,6.908782486138395074e-01,7.815096526340313821e-01,7.815096526340313821e-01,6.407548263170157465e-01,5.399280200866096724e-01,5.344213608069197097e-01,3.730245248949747294e-01,1.391472961731216873e-01,7.815096526340313821e-01,4.219589594252666220e-01,6.908782486138395074e-01
7.815096526340313821e-01,6.235174005433048450e-01,8.907548263170157465e-01,1.000000000000000000e+00,4.219589594252666220e-01,6.143616238170157562e-01,4.935708075433048458e-01,5.690459218069197078e-01,6.143616238170157562e-01,6.143616238170157562e-01,6.143616238170157562e-01,7.815096526340313821e-01,1.000000000000000000e+00,7.815096526340313821e-01,4.773127544077261919e-01,7.815096526340313821e-01,7.512952412315865303e-02,7.815096526340313821e-01,7.815096526340313821e-01,6.908782486138395074e-01,7.815096526340313821e-01,7.815096526340313821e-01,7.815096526340313821e-01,2.014063931702920474e-01,6.107573371601644485e-01,2.014063931702920474e-01,7.815096526340313821e-01,4.773127544077261919e-01,9.287830569971294024e-06,6.908782486138395074e-01,6.908782486138395074e-01,8.907548263170157465e-01,7.815096526340313821e-01,6.908782486138395074e-01,8.053786685800822243e-01,8.454391243069196982e-01,7.815096526340313821e-01,8.053786685800822243e-01,7.815096526340313821e-01,7.815096526340313821e-01,7.512952412315865303e-02,7.815096526340313821e-01,7.815096526340313821e-01,7.815096526340313821e-01,7.815096526340313821e-01,7.815096526340313821e-01,7.815096526340313821e-01,7.815096526340313821e-01,7.815096526340313821e-01,7.815096526340313821e-01,2.915222668746463297e-01,6.641677920478035457e-02,6.908782486138395074e-01,6.908782486138395074e-01,7.815096526340313821e-01,8.454391243069196982e-01,7.815096526340313821e-01,2.577145304494497524e-01,6.107573371601644485e-01,1.242411171014422621e-07,8.907548263170157465e-01,7.815096526340313821e-01,7.815096526340313821e-01,7.512952412315865303e-02,6.107573371601644485e-01,7.815096526340313821e-01,6.908782486138395074e-01,7.815096526340313821e-01,7.815096526340313821e-01,6.107573371601644485e-01,4.219589594252666220e-01,7.815096526340313821e-01,7.815096526340313821e-01,7.815096526340313821e-01,3.297649998062575083e-01,4.056453520986626204e-02,7.815096526340313821e-01,4.773127544077261919e-01,8.907548263170157465e-01,4.773127544077261919e-01,6.908782486138395074e-01,6.107573371601644485e-01,1.230104323797206745e-01,7.815096526340313821e-01,7.815096526340313821e-01,7.815096526340313821e-01,6.107573371601644485e-01,5.399280200866096724e-01,7.815096526340313821e-01,6.908782486138395074e-01,1.574010403647879974e-01,1.000000000000000000e+00,7.815096526340313821e-01,7.699640100433048362e-01,2.915222668746463297e-01,8.053786685800822243e-01,3.730245248949747294e-01,3.297649998062575083e-01,4.773127544077261919e-01,6.107573371601644485e-01,6.908782486138395074e-01,5.000000335406301621e-01,7.815096526340313821e-01,8.053786685800822243e-01,8.454391243069196982e-01,1.000000000000000000e+00,8.907548263170157465e-01,8.454391243069196982e-01,6.908782486138395074e-01,6.107573371601644485e-01,7.815096526340313821e-01,6.908782486138395074e-01,3.730245248949747294e-01,7.815096526340313821e-01,5.940538030800821545e-01,7.815096526340313821e-01,1.055866017120829265e-08,7.815096526340313821e-01,7.815096526340313821e-01,7.815096526340313821e-01,7.815096526340313821e-01,1.720197919804468685e-05,3.023073176823939945e-01,7.815096526340313821e-01,2.694165778578227165e-03,5.259526770226995440e-01,4.219589594252666220e-01,6.107573371601644485e-01,2.915222668746463297e-01,7.815096526340313821e-01,6.908782486138395074e-01,6.908782486138395074e-01,7.815096526340313821e-01,7.815096526340313821e-01,6.407548263170157465e-01,4.219589594252666220e-01,4.589462465433048477e-01,3.730245248949747294e-01,1.391472961731216873e-01,7.815096526340313821e-01,4.219589594252666220e-01,6.908782486138395074e-01
4.996546142126332968e-01,2.915222668746463297e-01,4.219589594252666220e-01,4.219589594252666220e-01,1.000000000000000000e+00,3.400789247126333459e-01,2.748605784373231442e-01,3.156117074474873441e-01,3.400789247126333459e-01,3.400789247126333459e-01,3.400789247126333459e-01,4.219589594252666220e-01,4.219589594252666220e-01,4.219589594252666220e-01,3.329814102247248830e-01,4.219589594252666220e-01,4.056453520986626204e-02,4.219589594252666220e-01,4.219589594252666220e-01,3.730245248949747294e-01,4.219589594252666220e-01,4.219589594252666220e-01,4.219589594252666220e-01,1.087449550972210827e-01,3.297649998062575083e-01,1.087449550972210827e-01,4.219589594252666220e-01,2.577145304494497524e-01,5.014759970544496592e-06,3.730245248949747294e-01,4.751873969474873505e-01,4.219589594252666220e-01,4.996546142126332968e-01,4.751873969474873505e-01,3.297649998062575083e-01,3.730245248949747294e-01,4.996546142126332968e-01,3.297649998062575083e-01,4.219589594252666220e-01,4.219589594252666220e-01,4.056453520986626204e-02,4.219589594252666220e-01,4.219589594252666220e-01,4.219589594252666220e-01,4.219589594252666220e-01,4.219589594252666220e-01,4.219589594252666220e-01,4.219589594252666220e-01,4.219589594252666220e-01,4.219589594252666220e-01,1.574010403647879974e-01,3.586028009656657550e-02,4.751873969474873505e-01,3.730245248949747294e-01,4.219589594252666220e-01,3.730245248949747294e-01,4.219589594252666220e-01,1.391472961731216873e-01,3.297649998062575083e-01,6.708126036993043682e-08,4.219589594252666220e-01,4.219589594252666220e-01,4.219589594252666220e-01,4.056453520986626204e-02,3.297649998062575083e-01,3.297649998062575083e-01,3.730245248949747294e-01,4.219589594252666220e-01,4.219589594252666220e-01,3.297649998062575083e-01,2.278274655202903454e-01,4.219589594252666220e-01,4.219589594252666220e-01,4.219589594252666220e-01,1.780493634392538160e-01,2.190192918159665145e-02,4.219589594252666220e-01,5.371055557247248480e-01,4.219589594252666220e-01,2.577145304494497524e-01,3.730245248949747294e-01,3.297649998062575083e-01,6.641677920478035457e-02,4.219589594252666220e-01,4.219589594252666220e-01,4.219589594252666220e-01,3.297649998062575083e-01,2.915222668746463297e-01,4.219589594252666220e-01,3.730245248949747294e-01,8.498523208373252869e-02,4.219589594252666220e-01,4.219589594252666220e-01,2.915222668746463297e-01,1.574010403647879974e-01,3.297649998062575083e-01,2.014063931702920474e-01,1.780493634392538160e-01,2.577145304494497524e-01,3.297649998062575083e-01,3.730245248949747294e-01,2.830553882263115272e-08,4.219589594252666220e-01,3.297649998062575083e-01,3.730245248949747294e-01,4.219589594252666220e-01,4.219589594252666220e-01,3.730245248949747294e-01,3.730245248949747294e-01,3.297649998062575083e-01,4.219589594252666220e-01,3.730245248949747294e-01,1.574010403647879974e-01,4.219589594252666220e-01,3.297649998062575083e-01,4.996546142126332968e-01,5.700916481007824690e-09,4.219589594252666220e-01,4.219589594252666220e-01,4.219589594252666220e-01,4.219589594252666220e-01,9.287830569971294024e-06,8.498523208373252869e-02,4.219589594252666220e-01,6.384900043947022014e-03,2.802515504162681956e-02,4.025888672601451446e-01,3.297649998062575083e-01,5.399280200866096724e-01,4.219589594252666220e-01,3.730245248949747294e-01,3.730245248949747294e-01,4.219589594252666220e-01,4.219589594252666220e-01,4.219589594252666220e-01,2.278274655202903454e-01,2.915222668746463297e-01,2.014063931702920474e-01,7.512952412315865303e-02,4.219589594252666220e-01,2.278274655202903454e-01,3.730245248949747294e-01
6.143616238170157562e-01,4.280778930433048468e-01,6.143616238170157562e-01,6.143616238170157562e-01,3.400789247126333459e-01,1.000000000000000000e+00,7.699640100433048362e-01,8.454391243069196982e-01,8.907548263170157465e-01,8.907548263170157465e-01,1.000000000000000000e+00,7.815096526340313821e-01,7.815096526340313821e-01,7.815096526340313821e-01,5.548841432038631449e-01,7.815096526340313821e-01,7.512952412315865303e-02,6.143616238170157562e-01,7.069825923170156567e-01,6.616668903069198304e-01,6.143616238170157562e-01,6.143616238170157562e-01,7.815096526340313821e-01,2.014063931702920474e-01,6.107573371601644485e-01,3.243099940851460472e-01,7.069825923170156567e-01,5.548841432038631449e-01,9.287830569971294024e-06,6.908782486138395074e-01,5.690459218069197078e-01,6.143616238170157562e-01,6.143616238170157562e-01,5.690459218069197078e-01,5.289854660800822339e-01,5.690459218069197078e-01,6.143616238170157562e-01,5.289854660800822339e-01,7.069825923170156567e-01,6.143616238170157562e-01,2.611715595615793362e-01,7.069825923170156567e-01,7.069825923170156567e-01,7.069825923170156567e-01,7.069825923170156567e-01,6.143616238170157562e-01,7.815096526340313821e-01,7.815096526340313821e-01,7.069825923170156567e-01,6.143616238170157562e-01,4.619888994373231861e-01,3.494361556023902193e-01,5.690459218069197078e-01,6.616668903069198304e-01,7.815096526340313821e-01,5.690459218069197078e-01,6.143616238170157562e-01,3.524640627247248581e-01,6.216064345800822455e-01,2.236068769878967188e-01,6.143616238170157562e-01,7.069825923170156567e-01,7.069825923170156567e-01,3.537925280615793477e-01,6.216064345800822455e-01,6.216064345800822455e-01,6.616668903069198304e-01,6.143616238170157562e-01,7.069825923170156567e-01,6.216064345800822455e-01,5.272072457126333322e-01,6.143616238170157562e-01,7.069825923170156567e-01,7.069825923170156567e-01,4.811102659031287754e-01,3.365100336049331453e-01,7.069825923170156567e-01,3.967702602038630788e-01,6.143616238170157562e-01,5.548841432038631449e-01,6.908782486138395074e-01,5.289854660800822339e-01,1.230104323797206745e-01,7.815096526340313821e-01,7.815096526340313821e-01,7.069825923170156567e-01,6.216064345800822455e-01,5.861917760433048574e-01,7.815096526340313821e-01,6.908782486138395074e-01,3.949282861823940061e-01,7.069825923170156567e-01,7.069825923170156567e-01,4.935708075433048458e-01,2.915222668746463297e-01,5.289854660800822339e-01,3.730245248949747294e-01,3.297649998062575083e-01,4.773127544077261919e-01,6.107573371601644485e-01,6.908782486138395074e-01,2.236068237123262636e-01,7.815096526340313821e-01,5.289854660800822339e-01,5.690459218069197078e-01,6.143616238170157562e-01,6.143616238170157562e-01,5.690459218069197078e-01,6.908782486138395074e-01,6.107573371601644485e-01,7.815096526340313821e-01,6.908782486138395074e-01,2.915222668746463297e-01,7.815096526340313821e-01,4.344781135800822591e-01,6.143616238170157562e-01,1.055866017120829265e-08,7.815096526340313821e-01,7.815096526340313821e-01,7.815096526340313821e-01,7.815096526340313821e-01,1.720197919804468685e-05,2.787005201823939959e-01,7.815096526340313821e-01,2.694165778578227165e-03,2.495594745226995537e-01,4.345862772126333207e-01,6.107573371601644485e-01,2.915222668746463297e-01,1.000000000000000000e+00,6.908782486138395074e-01,6.908782486138395074e-01,7.815096526340313821e-01,7.815096526340313821e-01,5.025582253170156610e-01,4.219589594252666220e-01,4.389948610433048737e-01,3.730245248949747294e-01,1.391472961731216873e-01,7.815096526340313821e-01,4.219589594252666220e-01,6.908782486138395074e-01
4.935708075433048458e-01,3.446261454474873753e-01,4.935708075433048458e-01,4.935708075433048458e-01,2.748605784373231442e-01,7.699640100433048362e-01,1.000000000000000000e+00,7.386563772038631237e-01,7.699640100433048362e-01,7.699640100433048362e-01,7.699640100433048362e-01,5.399280200866096724e-01,5.399280200866096724e-01,5.399280200866096724e-01,4.811102659031287754e-01,5.399280200866096724e-01,5.190535404539908804e-02,4.935708075433048458e-01,5.861917760433048574e-01,5.548841432038631449e-01,4.935708075433048458e-01,4.935708075433048458e-01,5.399280200866096724e-01,2.278274655202903454e-01,4.219589594252666220e-01,3.375205302601451685e-01,5.861917760433048574e-01,4.811102659031287754e-01,1.050623500888229771e-05,4.773127544077261919e-01,4.622631747038631334e-01,4.935708075433048458e-01,4.935708075433048458e-01,4.622631747038631334e-01,4.345862772126333207e-01,4.622631747038631334e-01,4.935708075433048458e-01,5.690459218069197078e-01,5.861917760433048574e-01,4.935708075433048458e-01,2.495594745226995537e-01,5.861917760433048574e-01,5.861917760433048574e-01,5.861917760433048574e-01,5.861917760433048574e-01,4.935708075433048458e-01,5.399280200866096724e-01,5.399280200866096724e-01,5.861917760433048574e-01,4.935708075433048458e-01,4.450850312247248697e-01,3.391707200477853679e-01,4.622631747038631334e-01,7.069825923170156567e-01,5.399280200866096724e-01,6.143616238170157562e-01,4.935708075433048458e-01,3.126314792196269177e-01,5.272072457126333322e-01,2.236068677697128360e-01,4.935708075433048458e-01,5.861917760433048574e-01,5.861917760433048574e-01,3.421804430226995652e-01,5.272072457126333322e-01,5.272072457126333322e-01,5.548841432038631449e-01,4.935708075433048458e-01,5.861917760433048574e-01,5.272072457126333322e-01,4.619888994373231861e-01,4.935708075433048458e-01,5.861917760433048574e-01,5.861917760433048574e-01,4.301414987601451800e-01,3.302403435208134397e-01,5.861917760433048574e-01,3.229963829031287648e-01,4.935708075433048458e-01,4.811102659031287754e-01,7.815096526340313821e-01,4.345862772126333207e-01,8.498523208373252869e-02,5.399280200866096724e-01,5.399280200866096724e-01,5.861917760433048574e-01,5.272072457126333322e-01,5.027400284474874415e-01,5.399280200866096724e-01,4.773127544077261919e-01,3.706002435486105417e-01,5.861917760433048574e-01,5.861917760433048574e-01,4.101190599474873744e-01,2.014063931702920474e-01,4.345862772126333207e-01,2.577145304494497524e-01,2.915222668746463297e-01,3.297649998062575083e-01,4.219589594252666220e-01,4.773127544077261919e-01,2.236068271509349115e-01,5.399280200866096724e-01,4.345862772126333207e-01,6.143616238170157562e-01,4.935708075433048458e-01,4.935708075433048458e-01,6.143616238170157562e-01,4.773127544077261919e-01,4.219589594252666220e-01,5.399280200866096724e-01,4.773127544077261919e-01,3.297649998062575083e-01,5.399280200866096724e-01,3.400789247126333459e-01,4.935708075433048458e-01,9.334176004360976516e-09,5.399280200866096724e-01,5.399280200866096724e-01,5.399280200866096724e-01,5.399280200866096724e-01,1.520707162218777644e-05,2.543724775486105316e-01,5.399280200866096724e-01,3.047594226594365924e-03,2.465497515477853840e-01,3.693679309373231745e-01,4.219589594252666220e-01,2.014063931702920474e-01,5.399280200866096724e-01,4.773127544077261919e-01,4.773127544077261919e-01,5.399280200866096724e-01,5.399280200866096724e-01,3.817674090433048617e-01,2.915222668746463297e-01,3.555431134474873467e-01,2.577145304494497524e-01,1.230104323797206745e-01,6.908782486138395074e-01,3.730245248949747294e-01,4.773127544077261919e-01
5.690459218069197078e-01,3.967702602038630788e-01,5.690459218069197078e-01,5.690459218069197078e-01,3.156117074474873441e-01,8.454391243069196982e-01,7.386563772038631237e-01,1.000000000000000000e+00,8.454391243069196982e-01,8.454391243069196982e-01,8.454391243069196982e-01,6.908782486138395074e-01,6.908782486138395074e-01,6.908782486138395074e-01,5.272072457126333322e-01,6.908782486138395074e-01,6.641677920478035457e-02,5.690459218069197078e-01,6.616668903069198304e-01,6.216064345800822455e-01,5.690459218069197078e-01,5.690459218069197078e-01,6.908782486138395074e-01,1.780493634392538160e-01,5.399280200866096724e-01,3.126314792196269177e-01,6.616668903069198304e-01,5.272072457126333322e-01,8.210724072283126778e-06,6.107573371601644485e-01,5.289854660800822339e-01,5.690459218069197078e-01,5.690459218069197078e-01,5.289854660800822339e-01,4.935708075433048458e-01,5.289854660800822339e-01,5.690459218069197078e-01,4.935708075433048458e-01,6.616668903069198304e-01,5.690459218069197078e-01,2.568151871023902078e-01,6.616668903069198304e-01,6.616668903069198304e-01,6.616668903069198304e-01,6.616668903069198304e-01,5.690459218069197078e-01,6.908782486138395074e-01,6.908782486138395074e-01,6.616668903069198304e-01,5.690459218069197078e-01,4.450850312247248697e-01,3.455849901500249177e-01,5.289854660800822339e-01,6.216064345800822455e-01,6.908782486138395074e-01,5.289854660800822339e-01,5.690459218069197078e-01,3.375205302601451685e-01,5.861917760433048574e-01,2.236068524164588900e-01,5.690459218069197078e-01,6.616668903069198304e-01,6.616668903069198304e-01,3.494361556023902193e-01,7.582429389958009747e-01,5.861917760433048574e-01,6.216064345800822455e-01,5.690459218069197078e-01,6.616668903069198304e-01,5.861917760433048574e-01,5.027400284474874415e-01,5.690459218069197078e-01,6.616668903069198304e-01,6.616668903069198304e-01,4.619888994373231861e-01,3.341579060482833263e-01,6.616668903069198304e-01,3.690933627126333216e-01,5.690459218069197078e-01,5.272072457126333322e-01,6.107573371601644485e-01,4.935708075433048458e-01,1.087449550972210827e-01,6.908782486138395074e-01,6.908782486138395074e-01,6.616668903069198304e-01,5.861917760433048574e-01,5.548841432038631449e-01,6.908782486138395074e-01,6.107573371601644485e-01,3.858014140865608788e-01,6.616668903069198304e-01,6.616668903069198304e-01,4.622631747038631334e-01,2.577145304494497524e-01,4.935708075433048458e-01,3.297649998062575083e-01,2.915222668746463297e-01,4.219589594252666220e-01,5.399280200866096724e-01,6.107573371601644485e-01,2.236068206724918517e-01,8.840303459916019069e-01,4.935708075433048458e-01,5.289854660800822339e-01,5.690459218069197078e-01,5.690459218069197078e-01,5.289854660800822339e-01,6.107573371601644485e-01,5.399280200866096724e-01,6.908782486138395074e-01,1.000000000000000000e+00,2.577145304494497524e-01,6.908782486138395074e-01,3.990634550433048711e-01,5.690459218069197078e-01,9.334176004360976516e-09,6.908782486138395074e-01,6.908782486138395074e-01,6.908782486138395074e-01,6.908782486138395074e-01,1.520707162218777644e-05,2.695736480865608686e-01,6.908782486138395074e-01,2.381724305395240774e-03,2.465497515477853840e-01,4.101190599474873744e-01,5.399280200866096724e-01,2.577145304494497524e-01,6.908782486138395074e-01,6.107573371601644485e-01,6.107573371601644485e-01,6.908782486138395074e-01,6.908782486138395074e-01,4.572425233069197237e-01,3.730245248949747294e-01,4.076872282038631057e-01,3.297649998062575083e-01,1.230104323797206745e-01,6.908782486138395074e-01,3.730245248949747294e-01,6.107573371601644485e-01
6.143616238170157562e-01,4.280778930433048468e-01,6.143616238170157562e-01,6.143616238170157562e-01,3.400789247126333459e-01,8.907548263170157465e-01,7.699640100433048362e-01,8.454391243069196982e-01,1.000000000000000000e+00,8.907548263170157465e-01,8.907548263170157465e-01,7.815096526340313821e-01,7.815096526340313821e-01,7.815096526340313821e-01,5.548841432038631449e-01,7.815096526340313821e-01,7.512952412315865303e-02,6.143616238170157562e-01,7.069825923170156567e-01,6.616668903069198304e-01,6.143616238170157562e-01,6.143616238170157562e-01,7.815096526340313821e-01,2.014063931702920474e-01,6.107573371601644485e-01,3.243099940851460472e-01,7.069825923170156567e-01,5.548841432038631449e-01,9.287830569971294024e-06,6.908782486138395074e-01,5.690459218069197078e-01,6.143616238170157562e-01,6.143616238170157562e-01,5.690459218069197078e-01,6.143616238170157562e-01,5.690459218069197078e-01,6.143616238170157562e-01,5.289854660800822339e-01,7.069825923170156567e-01,6.143616238170157562e-01,2.611715595615793362e-01,7.069825923170156567e-01,7.069825923170156567e-01,7.069825923170156567e-01,7.069825923170156567e-01,6.143616238170157562e-01,7.815096526340313821e-01,7.815096526340313821e-01,7.069825923170156567e-01,6.143616238170157562e-01,4.619888994373231861e-01,3.494361556023902193e-01,5.690459218069197078e-01,6.616668903069198304e-01,7.815096526340313821e-01,5.690459218069197078e-01,6.143616238170157562e-01,3.884892974031287638e-01,7.069825923170156567e-01,2.236068596205585679e-01,6.143616238170157562e-01,7.069825923170156567e-01,7.069825923170156567e-01,3.537925280615793477e-01,6.216064345800822455e-01,6.216064345800822455e-01,6.616668903069198304e-01,6.143616238170157562e-01,7.069825923170156567e-01,6.216064345800822455e-01,5.272072457126333322e-01,6.143616238170157562e-01,7.069825923170156567e-01,7.069825923170156567e-01,4.811102659031287754e-01,3.365100336049331453e-01,7.069825923170156567e-01,3.967702602038630788e-01,6.143616238170157562e-01,5.548841432038631449e-01,6.908782486138395074e-01,5.289854660800822339e-01,1.230104323797206745e-01,7.815096526340313821e-01,7.815096526340313821e-01,7.069825923170156567e-01,6.216064345800822455e-01,5.861917760433048574e-01,7.815096526340313821e-01,6.908782486138395074e-01,3.949282861823940061e-01,7.069825923170156567e-01,7.069825923170156567e-01,4.935708075433048458e-01,2.915222668746463297e-01,5.289854660800822339e-01,3.730245248949747294e-01,3.297649998062575083e-01,4.773127544077261919e-01,6.107573371601644485e-01,6.908782486138395074e-01,2.236068237123262636e-01,7.815096526340313821e-01,5.289854660800822339e-01,5.690459218069197078e-01,6.143616238170157562e-01,6.143616238170157562e-01,5.690459218069197078e-01,6.908782486138395074e-01,6.107573371601644485e-01,7.815096526340313821e-01,6.908782486138395074e-01,2.915222668746463297e-01,7.815096526340313821e-01,4.344781135800822591e-01,6.143616238170157562e-01,1.351059470042491692e-08,1.000000000000000000e+00,1.000000000000000000e+00,1.000000000000000000e+00,1.000000000000000000e+00,2.201121782701774516e-05,2.787005201823939959e-01,7.815096526340313821e-01,2.694165778578227165e-03,2.495594745226995537e-01,4.345862772126333207e-01,6.107573371601644485e-01,2.915222668746463297e-01,7.815096526340313821e-01,6.908782486138395074e-01,6.908782486138395074e-01,7.815096526340313821e-01,7.815096526340313821e-01,5.025582253170156610e-01,4.219589594252666220e-01,4.389948610433048737e-01,3.730245248949747294e-01,1.391472961731216873e-01,7.815096526340313821e-01,4.219589594252666220e-01,6.908782486138395074e-01
6.143616238170157562e-01,4.280778930433048468e-01,6.143616238170157562e-01,6.143616238170157562e-01,3.400789247126333459e-01,8.907548263170157465e-01,7.699640100433048362e-01,8.454391243069196982e-01,8.907548263170157465e-01,1.000000000000000000e+00,8.907548263170157465e-01,7.815096526340313821e-01,7.815096526340313821e-01,7.815096526340313821e-01,5.548841432038631449e-01,7.815096526340313821e-01,7.512952412315865303e-02,6.143616238170157562e-01,7.069825923170156567e-01,6.616668903069198304e-01,6.143616238170157562e-01,6.143616238170157562e-01,7.815096526340313821e-01,2.014063931702920474e-01,6.107573371601644485e-01,3.243099940851460472e-01,7.069825923170156567e-01,5.548841432038631449e-01,9.287830569971294024e-06,6.908782486138395074e-01,5.690459218069197078e-01,6.143616238170157562e-01,6.143616238170157562e-01,5.690459218069197078e-01,5.289854660800822339e-01,5.690459218069197078e-01,6.143616238170157562e-01,5.289854660800822339e-01,7.069825923170156567e-01,6.143616238170157562e-01,2.611715595615793362e-01,7.069825923170156567e-01,7.069825923170156567e-01,7.069825923170156567e-01,7.069825923170156567e-01,6.143616238170157562e-01,7.815096526340313821e-01,7.815096526340313821e-01,7.069825923170156567e-01,6.143616238170157562e-01,4.619888994373231861e-01,3.494361556023902193e-01,5.690459218069197078e-01,6.616668903069198304e-01,7.815096526340313821e-01,5.690459218069197078e-01,6.143616238170157562e-01,3.524640627247248581e-01,6.216064345800822455e-01,2.236068596205585679e-01,6.143616238170157562e-01,7.069825923170156567e-01,7.069825923170156567e-01,3.537925280615793477e-01,6.216064345800822455e-01,6.216064345800822455e-01,6.616668903069198304e-01,6.143616238170157562e-01,7.069825923170156567e-01,6.216064345800822455e-01,5.272072457126333322e-01,6.143616238170157562e-01,7.069825923170156567e-01,7.069825923170156567e-01,4.811102659031287754e-01,3.365100336049331453e-01,7.069825923170156567e-01,3.967702602038630788e-01,6.143616238170157562e-01,5.548841432038631449e-01,6.908782486138395074e-01,5.289854660800822339e-01,1.230104323797206745e-01,7.815096526340313821e-01,7.815096526340313821e-01,7.069825923170156567e-01,6.216064345800822455e-01,5.861917760433048574e-01,7.815096526340313821e-01,6.908782486138395074e-01,3.949282861823940061e-01,7.069825923170156567e-01,7.069825923170156567e-01,4.935708075433048458e-01,2.915222668746463297e-01,5.289854660800822339e-01,3.730245248949747294e-01,3.297649998062575083e-01,4.773127544077261919e-01,6.107573371601644485e-01,6.908782486138395074e-01,2.236068237123262636e-01,7.815096526340313821e-01,5.289854660800822339e-01,5.690459218069197078e-01,6.143616238170157562e-01,6.143616238170157562e-01,5.690459218069197078e-01,6.908782486138395074e-01,6.107573371601644485e-01,7.815096526340313821e-01,6.908782486138395074e-01,2.915222668746463297e-01,7.815096526340313821e-01,4.344781135800822591e-01,6.143616238170157562e-01,1.055866017120829265e-08,7.815096526340313821e-01,7.815096526340313821e-01,7.815096526340313821e-01,7.815096526340313821e-01,1.720197919804468685e-05,2.787005201823939959e-01,7.815096526340313821e-01,2.694165778578227165e-03,2.495594745226995537e-01,4.345862772126333207e-01,6.107573371601644485e-01,2.915222668746463297e-01,7.815096526340313821e-01,6.908782486138395074e-01,6.908782486138395074e-01,7.815096526340313821e-01,7.815096526340313821e-01,5.025582253170156610e-01,4.219589594252666220e-01,4.389948610433048737e-01,3.730245248949747294e-01,1.391472961731216873e-01,7.815096526340313821e-01,4.219589594252666220e-01,6.908782486138395074e-01
6.143616238170157562e-01,4.280778930433048468e-01,6.143616238170157562e-01,6.143616238170157562e-01,3.400789247126333459e-01,1.000000000000000000e+00,7.699640100433048362e-01,8.454391243069196982e-01,8.907548263170157465e-01,8.907548263170157465e-01,1.000000000000000000e+00,7.815096526340313821e-01,7.815096526340313821e-01,7.815096526340313821e-01,5.548841432038631449e-01,7.815096526340313821e-01,7.512952412315865303e-02,6.143616238170157562e-01,7.069825923170156567e-01,6.616668903069198304e-01,6.143616238170157562e-01,6.143616238170157562e-01,7.815096526340313821e-01,2.014063931702920474e-01,6.107573371601644485e-01,3.243099940851460472e-01,7.069825923170156567e-01,5.548841432038631449e-01,9.287830569971294024e-06,6.908782486138395074e-01,5.690459218069197078e-01,6.143616238170157562e-01,6.143616238170157562e-01,5.690459218069197078e-01,5.289854660800822339e-01,5.690459218069197078e-01,6.143616238170157562e-01,5.289854660800822339e-01,7.069825923170156567e-01,6.143616238170157562e-01,2.611715595615793362e-01,7.069825923170156567e-01,7.069825923170156567e-01,7.069825923170156567e-01,7.069825923170156567e-01,6.143616238170157562e-01,7.815096526340313821e-01,7.815096526340313821e-01,7.069825923170156567e-01,6.143616238170157562e-01,4.619888994373231861e-01,3.494361556023902193e-01,5.690459218069197078e-01,6.616668903069198304e-01,7.815096526340313821e-01,5.690459218069197078e-01,6.143616238170157562e-01,3.524640627247248581e-01,6.216064345800822455e-01,2.236068769878967188e-01,6.143616238170157562e-01,7.069825923170156567e-01,7.069825923170156567e-01,3.537925280615793477e-01,6.216064345800822455e-01,6.216064345800822455e-01,6.616668903069198304e-01,6.143616238170157562e-01,7.069825923170156567e-01,6.216064345800822455e-01,5.272072457126333322e-01,6.143616238170157562e-01,7.069825923170156567e-01,7.069825923170156567e-01,4.811102659031287754e-01,3.365100336049331453e-01,7.069825923170156567e-01,3.967702602038630788e-01,6.143616238170157562e-01,5.548841432038631449e-01,6.908782486138395074e-01,5.289854660800822339e-01,1.230104323797206745e-01,7.815096526340313821e-01,7.815096526340313821e-01,7.069825923170156567e-01,6.216064345800822455e-01,5.861917760433048574e-01,7.815096526340313821e-01,6.908782486138395074e-01,3.949282861823940061e-01,7.069825923170156567e-01,7.069825923170156567e-01,4.935708075433048458e-01,2.915222668746463297e-01,5.289854660800822339e-01,3.730245248949747294e-01,3.297649998062575083e-01,4.773127544077261919e-01,6.107573371601644485e-01,6.908782486138395074e-01,2.236068237123262636e-01,7.815096526340313821e-01,5.289854660800822339e-01,5.690459218069197078e-01,6.143616238170157562e-01,6.143616238170157562e-01,5.690459218069197078e-01,6.908782486138395074e-01,6.107573371601644485e-01,7.815096526340313821e-01,6.908782486138395074e-01,2.915222668746463297e-01,7.815096526340313821e-01,4.344781135800822591e-01,6.143616238170157562e-01,1.055866017120829265e-08,7.815096526340313821e-01,7.815096526340313821e-01,7.815096526340313821e-01,7.815096526340313821e-01,1.720197919804468685e-05,2.787005201823939959e-01,7.815096526340313821e-01,2.694165778578227165e-03,2.495594745226995537e-01,4.345862772126333207e-01,6.107573371601644485e-01,2.915222668746463297e-01,1.000000000000000000e+00,6.908782486138395074e-01,6.908782486138395074e-01,7.815096526340313821e-01,7.815096526340313821e-01,5.025582253170156610e-01,4.219589594252666220e-01,4.389948610433048737e-01,3.730245248949747294e-01,1.391472961731216873e-01,7.815096526340313821e-01,4.219589594252666220e-01,6.908782486138395074e-01
